Lamp 0.0 124.116498 25.6 208.566512
Lamp 71.68 87.00956 101.12 186.81412200000003
Lamp 103.68 314.768916 113.92 331.403578
Lamp 167.68 25.590686 213.76 153.54616199999998
Lamp 226.56 252.071292 247.04 285.339252
Lamp 313.6 0.0 364.8 108.76195
Lamp 337.92 236.716744 358.4 276.38254600000005
Lamp 387.84 284.05982000000006 407.04 295.576072
Lamp 487.68 214.96435400000001 514.56 258.469134
Lamp 560.64 0.0 627.2 19.193526000000002
Lamp 597.76 212.40549 619.52 245.67345
Lamp 610.56 296.85550400000005 629.76 319.88732600000003
Lamp 715.52 19.193526000000002 727.04 30.709096
Lamp 716.8 188.09355399999998 743.68 237.996176
Lamp 1009.92 225.200492 1022.72 250.79186
