Lamp 0.0 0.0 51.2 111.484041
Lamp 89.6 35.239385 330.88 423.511225
Lamp 189.44 167.867057 215.68 283.195022
Lamp 399.36 178.11820400000002 468.48 335.733431
Lamp 586.88 220.405466 609.28 255.644168
Lamp 616.96 228.734651 652.16 278.710444
Lamp 652.16 174.27359700000002 732.16 238.985798
Lamp 679.68 21.784285 710.4 65.352855
Lamp 741.76 238.985798 759.68 287.039629
Lamp 778.24 160.17852599999998 791.68 219.124158
Lamp 794.24 162.741142 819.2 224.89004400000002
Lamp 838.4 219.124158 856.96 240.267106
Lamp 894.08 231.937921 917.12 279.351098
