Lamp 33.92 642.560256 53.76 767.360256
Lamp 36.48 309.12 69.76 343.68
Lamp 65.92 149.120256 859.52 391.68
Lamp 129.28 560.64 161.28 591.36
Lamp 179.2 436.479744 275.84 767.360256
Lamp 400.64 362.240256 425.6 391.68
Lamp 522.24 556.8 547.2 576.639744
Lamp 533.76 602.88 671.36 767.360256
Lamp 590.72 3.84 630.4 39.680256
Lamp 648.96 395.52 667.52 419.199744
Lamp 664.96 653.439744 719.36 709.760256
Lamp 745.6 564.48 816.0 673.280256
Lamp 774.4 568.959744 868.48 691.839744
Lamp 800.0 417.920256 818.56 436.479744
Lamp 816.0 526.08 901.76 664.959744
Lamp 833.92 140.16 862.08 162.56025599999998
Lamp 937.6 399.36 961.28 415.359744
Lamp 961.28 207.36 990.08 224.64
