Lamp 109.44 335.359872 344.32 521.600256
Lamp 182.4 171.52012800000003 286.08 314.24025600000004
Lamp 208.64 41.599872000000005 296.96 106.880256
Lamp 418.56 181.760256 510.72 240.640128
Lamp 455.04 353.279808 892.8 528.640128
Lamp 484.48 42.879744 574.72 106.880256
Lamp 522.24 183.040128 619.52 244.47974399999995
Lamp 584.32 42.879744 675.84 103.04006400000002
Lamp 627.2 181.760256 724.48 245.76019200000002
Lamp 685.44 41.599872000000005 778.24 101.76019200000002
Lamp 735.36 181.760256 832.0 241.92
Lamp 942.08 135.68025599999999 1023.36 254.07993599999998
