Lamp 203.52 220.16 568.3199999999999 817.28
Lamp 144.639744 314.88 258.560256 468.48
Lamp 195.20025600000002 255.36 293.12025600000004 389.76
Lamp 207.999744 405.76 288.0 597.76
Lamp 244.47974399999998 384.64 344.319744 561.28
Lamp 247.68 583.68 371.840256 797.44
Lamp 268.79999999999995 197.12 371.840256 353.28
Lamp 337.280256 370.56 430.08000000000004 547.2
Lamp 349.44 650.24 454.400256 818.56
Lamp 365.439744 190.08 463.359744 346.24
Lamp 394.88025600000003 561.28 510.08025599999996 762.24
Lamp 430.08000000000004 389.76 529.280256 547.2
Lamp 461.43974399999996 222.08 535.040256 368.64
Lamp 461.43974399999996 440.32 554.240256 616.96
Lamp 492.800256 377.6 559.359744 475.52
Lamp 492.800256 282.88 569.600256 426.24
