Lamp 183.04 80.08926299999999 268.8 218.48282099999997
Lamp 243.2 382.505271 273.28 609.31796
Lamp 270.72 483.097511 282.24 518.9775500000001
Lamp 298.24 491.42669600000005 305.92 521.540166
Lamp 330.88 483.097511 344.32 515.1329430000001
Lamp 339.84 474.127672 353.28 525.384773
Lamp 368.0 476.690288 382.08 543.965105
Lamp 394.24 462.59453399999995 409.6 550.372328
Lamp 430.72 447.858126 446.72 561.905466
Lamp 504.32 404.289556 530.56 581.7671059999999
Lamp 653.44 493.98999499999996 661.76 529.228697
Lamp 689.28 490.14538799999997 700.8 541.4024890000001
Lamp 743.04 481.816203 755.84 581.7671059999999
Lamp 817.92 471.56505599999997 834.56 588.174329
