Lamp 755.2 124.8 907.2005119999999 329.6
Lamp 22.4 0.0 88.000512 889.6
Lamp 48.0 7.999488 177.600512 603.200512
Lamp 64.0 86.4 160.0 596.799488
Lamp 134.4 36.799488000000004 188.8 870.4
Lamp 145.600512 371.2 195.2 918.4
Lamp 163.2 30.399488 259.2 227.2
Lamp 225.600512 211.2 272.0 483.2
Lamp 227.2 7.999488 292.799488 195.2
Lamp 228.800512 486.4 272.0 700.8
Lamp 267.200512 88.000512 337.60051200000004 251.199488
Lamp 280.000512 49.599488 353.60051200000004 825.6
Lamp 283.200512 734.400512 312.000512 1016.000512
Lamp 283.200512 0.0 487.999488 131.2
Lamp 312.000512 71.999488 404.799488 385.60051200000004
Lamp 324.799488 526.400512 353.60051200000004 734.400512
Lamp 329.6 443.200512 379.200512 571.200512
Lamp 334.39948799999996 628.799488 368.0 809.6
Lamp 337.60051200000004 816.0 368.0 972.8
Lamp 347.200512 487.999488 433.60051200000004 846.4005119999999
Lamp 359.999488 915.2 371.2 1022.4005119999999
Lamp 385.60051200000004 888.000512 417.60051200000004 1022.4005119999999
Lamp 400.0 862.4005119999999 422.4 987.2005119999999
Lamp 406.4 835.2 422.4 931.2
Lamp 432.0 102.4 577.599488 1022.4005119999999
Lamp 588.8 225.600512 660.799488 795.200512
Lamp 595.2 780.8 643.2 1022.4005119999999
Lamp 667.200512 0.0 811.200512 1022.4005119999999
Lamp 743.999488 0.0 827.200512 795.200512
Lamp 822.4 320.0 931.2 1022.4005119999999
Lamp 848.0 294.4 915.2 931.2
