Lamp 0.0 0.0 129.92 246.399744
Lamp 348.8 387.200256 387.2 428.15999999999997
Lamp 383.36 399.99974399999996 413.44 432.0
Lamp 414.72 413.43974399999996 440.32 442.88025600000003
Lamp 455.68 424.32 481.28 454.400256
Lamp 580.48 409.599744 593.28 464.64
Lamp 600.32 428.15999999999997 620.16 476.799744
Lamp 622.08 0.0 763.52 234.24
Lamp 658.56 367.359744 686.08 467.840256
Lamp 680.96 421.11974399999997 704.64 479.36025600000005
Lamp 698.88 137.600256 783.36 370.56
Lamp 733.44 272.64 779.52 421.11974399999997
Lamp 760.96 387.84000000000003 794.24 460.79999999999995
Lamp 769.28 427.520256 790.4 472.32
