Lamp 0.0 284.799744 28.16 319.359744
Lamp 0.0 44.160000000000004 267.52 767.360256
Lamp 49.28 206.720256 138.88 370.56
Lamp 74.24 263.679744 116.48 382.719744
Lamp 103.04 272.64 188.16 389.120256
Lamp 124.16 214.400256 229.12 378.87974399999996
Lamp 189.44 283.520256 268.8 392.96025599999996
Lamp 193.28 248.960256 281.6 377.600256
Lamp 260.48 266.240256 312.32 397.43999999999994
Lamp 268.8 10.880256 316.16 45.440256
Lamp 289.92 268.79999999999995 342.4 386.559744
Lamp 316.16 143.360256 451.2 574.719744
Lamp 390.4 280.959744 463.36 451.20000000000005
Lamp 443.52 287.36025600000005 512.0 428.799744
Lamp 465.28 178.56 583.68 396.800256
Lamp 520.96 279.680256 606.08 464.64
Lamp 531.84 275.840256 647.04 421.11974399999997
Lamp 576.64 206.720256 699.52 402.56025600000004
Lamp 613.76 286.08 707.84 444.800256
Lamp 632.32 291.200256 800.64 474.24
Lamp 677.12 23.679744 817.28 383.36025600000005
Lamp 723.84 220.79999999999998 810.88 433.91999999999996
Lamp 739.2 3.2002560000000004 803.2 26.880000000000003
Lamp 805.76 307.20000000000005 948.48 479.36025600000005
Lamp 816.0 246.399744 908.8 455.679744
Lamp 826.88 206.079744 919.68 421.76025599999997
Lamp 907.52 192.0 1023.36 597.12
