Lamp 0.0 128.0 112.0 371.2
Lamp 94.400512 99.2 203.199488 414.39948799999996
Lamp 177.600512 83.2 267.200512 446.39948799999996
Lamp 231.99948799999999 54.4 387.2 327.999488
Lamp 236.8 324.799488 315.200512 472.000512
Lamp 318.39948799999996 32.0 438.4 385.60051200000004
Lamp 377.6 81.599488 475.200512 422.4
Lamp 412.8 148.800512 492.8 452.799488
Lamp 444.8 259.2 518.4 480.0
Lamp 473.6 302.39948799999996 536.000512 496.0
Lamp 585.6 0.0 803.2 263.999488
Lamp 598.4 206.399488 761.6 342.4
Lamp 609.599488 297.6 740.799488 396.8
Lamp 612.799488 358.4 732.8 433.60051200000004
Lamp 617.6 404.799488 720.0 460.8
Lamp 628.799488 451.2 702.400512 484.799488
