Lamp 65.28 38.43836400000001 149.12 203.083053
Lamp 65.92 188.34825600000002 153.6 294.69457800000004
Lamp 114.56 344.664315 173.44 506.10558000000003
Lamp 128.64 227.42744100000002 216.96 337.617327
Lamp 129.92 110.830707 203.52 232.55196600000002
Lamp 131.84 212.05182299999998 159.36 256.256214
Lamp 145.92 358.75829099999993 223.36 461.26036799999997
Lamp 182.4 169.769214 211.84 258.818136
Lamp 185.6 214.61442599999998 215.68 267.146766
Lamp 200.96 30.750555000000002 308.48 210.770181
Lamp 207.36 193.473462 299.52 299.819103
Lamp 215.68 297.2565 294.4 445.885431
Lamp 275.84 361.320894 464.64 506.10558000000003
Lamp 286.08 264.584163 338.56 340.82007
Lamp 289.28 188.34825600000002 341.76 264.584163
Lamp 290.56 94.814949 336.0 184.504011
Lamp 313.6 48.688776000000004 404.48 180.01962600000002
Lamp 321.92 281.24074199999995 380.8 349.78952100000004
Lamp 323.2 219.73963199999997 358.4 265.865805
Lamp 325.76 139.65948 354.56 180.01962600000002
Lamp 328.32 257.537175 391.04 311.351157
Lamp 333.44 148.62825 392.32 221.02059300000002
Lamp 338.56 203.723193 394.24 267.146766
Lamp 357.12 130.69071 391.04 183.22305
Lamp 391.04 138.377838 451.84 214.61442599999998
Lamp 392.32 209.48922 449.28 268.427727
Lamp 396.8 252.41196899999997 443.52 289.569372
Lamp 398.08 35.875761 506.88 169.769214
Lamp 420.48 240.880596 471.04 332.492121
Lamp 440.96 189.629217 488.32 260.099778
Lamp 450.56 140.940441 496.0 183.22305
Lamp 472.96 217.177029 512.0 256.256214
Lamp 512.0 206.28579599999998 569.6 290.85033300000003
Lamp 512.0 25.625349000000003 819.2 224.864838
Lamp 556.8 247.286763 619.52 329.929518
Lamp 576.0 193.473462 638.08 272.271972
Lamp 620.8 265.865805 694.4 317.116503
Lamp 634.24 217.177029 699.52 282.522384
Lamp 639.36 290.85033300000003 695.68 387.587064
Lamp 693.12 292.131975 753.28 357.476649
Lamp 702.08 207.567438 749.44 286.365948
Lamp 729.6 209.48922 820.48 285.084987
Lamp 817.92 12.172194000000001 931.84 167.20729200000002
Lamp 823.04 199.87962900000002 912.0 288.28773
Lamp 866.56 324.80431200000004 908.16 382.46185800000006
Lamp 908.16 337.617327 1002.88 387.587064
Lamp 910.72 164.644689 1015.68 285.084987
Lamp 921.6 51.891519 1023.36 174.89442
