Lamp 81.92 0.0 218.88 378.87974399999996
Lamp 218.88 0.0 421.12 261.12
Lamp 296.96 259.839744 327.68 314.88
Lamp 326.4 270.080256 355.84 309.759744
Lamp 362.24 0.0 442.88 177.920256
Lamp 414.72 221.43974400000002 442.88 268.79999999999995
Lamp 439.04 232.959744 472.32 270.080256
Lamp 469.76 0.0 815.36 236.79974399999998
Lamp 481.28 0.0 810.24 284.15999999999997
Lamp 747.52 177.920256 815.36 271.359744
Lamp 821.76 0.0 874.24 232.959744
Lamp 857.6 0.0 989.44 98.559744
Lamp 902.4 198.399744 931.84 308.480256
Lamp 925.44 144.639744 1012.48 341.76
Lamp 968.96 0.0 1022.72 107.52000000000001
