Lamp 192.652954 0.0 382.10558299999997 171.52
Lamp 226.57519699999997 161.28 343.70288500000004 366.08
Lamp 254.09678999999997 427.52 315.541227 576.0
Lamp 261.13750500000003 581.12 306.58031700000004 616.32
Lamp 264.977895 618.24 301.45979700000004 637.44
Lamp 272.018009 651.52 299.54020299999996 661.76
Lamp 272.018009 635.52 303.379992 649.6
Lamp 275.218334 664.96 296.339878 684.8
Lamp 368.024754 656.64 422.42787500000003 670.72
Lamp 394.266217 647.68 449.9500689999999 658.56
Lamp 411.547371 635.52 488.992832 645.76
Lamp 443.549419 611.2 549.796603 630.4
Lamp 513.3140999999999 561.92 600.3599350000001 595.2
