Lamp 305.619961 0.0 368.4102 255.36
Lamp 324.84163 481.28 335.733431 503.68
Lamp 324.84163 327.04 345.985261 477.44
Lamp 328.685554 484.48 338.93738399999995 510.72
Lamp 329.96686200000005 69.76 366.48755500000004 278.4
Lamp 337.014739 416.64 351.110493 484.48
Lamp 347.90722300000004 493.44 358.15836999999993 522.88
Lamp 351.110493 421.76 360.08101500000004 493.44
Lamp 358.15836999999993 424.96 370.33216200000004 500.48
Lamp 369.050854 357.12 384.42791600000004 460.16
Lamp 374.17608600000005 453.12 389.5531480000001 474.24
Lamp 381.223963 346.24 403.64890199999996 448.0
Lamp 420.948609 92.8 452.343387 346.24
Lamp 468.36110299999996 0.0 529.228697 178.56
