Lamp 139.594333 544.339968 212.59397 642.321408
Lamp 206.19037500000002 527.0497280000001 233.72482399999998 648.085504
Lamp 233.72482399999998 562.912256 245.89131799999998 573.1584
Lamp 233.72482399999998 497.591296 268.943587 663.4547200000001
Lamp 275.98787799999997 562.912256 297.11873199999997 583.404544
Lamp 288.154372 429.068288 335.53962899999993 674.341888
Lamp 382.28419 559.069184 400.214256 580.202496
Lamp 434.792323 251.036672 520.598477 714.046464
Lamp 486.01973699999996 568.035328 500.10764600000005 585.325568
Lamp 538.52787 548.82304 557.738655 568.035328
