Lamp 207.36 60.800256000000005 347.52 767.360256
Lamp 216.32 403.20000000000005 229.76 512.000256
Lamp 380.8 406.400256 396.16 552.96
Lamp 389.76 424.32 400.64 498.56025600000004
Lamp 407.04 476.15999999999997 418.56 494.72025600000006
Lamp 408.32 364.79999999999995 446.72 613.760256
Lamp 450.56 480.0 456.96 498.56025600000004
Lamp 469.12 481.280256 475.52 501.12
Lamp 512.64 483.84000000000003 522.24 502.400256
Lamp 535.04 485.76 544.64 508.160256
Lamp 551.68 373.119744 588.8 598.400256
Lamp 591.36 416.00025600000004 620.16 563.840256
Lamp 623.36 434.559744 643.2 454.400256
Lamp 693.12 70.400256 825.6 767.360256
