Lamp 130.56 99.180008 315.52 369.84548
Lamp 227.84 607.8781359999999 289.28 665.4663479999999
Lamp 241.92 664.18638 311.68 740.3309439999999
Lamp 394.88 181.083632 563.2 452.38908799999996
Lamp 530.56 579.083632 574.72 630.91358
Lamp 589.44 637.951812 656.64 699.379132
Lamp 615.68 183.642772 773.12 433.19275200000004
Lamp 767.36 565.646356 808.96 611.7172439999999
Lamp 810.24 115.17722000000002 960.64 341.05177199999997
Lamp 871.68 612.996416 944.0 670.5854240000001
Lamp 974.08 27.514536 1023.36 257.86818
