Lamp 21.76 37.13248 297.6 407.81476999999995
Lamp 195.84 565.30716 280.32 604.35991
Lamp 249.6 421.89917 325.76 569.1483049999999
Lamp 260.48 115.23798000000001 494.08 434.06329999999997
Lamp 348.16 494.24325500000003 430.72 604.35991
Lamp 415.36 548.0211 453.12 604.35991
Lamp 420.48 432.78312 503.04 575.5504149999999
Lamp 442.88 189.50294 655.36 480.158855
Lamp 453.12 565.30716 512.0 604.35991
Lamp 615.68 256.725095 837.76 542.89917
Lamp 861.44 46.735645 961.28 177.9789
Lamp 975.36 99.232705 1023.36 235.59788999999998
