Lamp 0.0 251.52 125.439744 379.52
Lamp 0.0 3.84 543.36 1023.36
Lamp 37.760256 386.56 153.60000000000002 513.92
Lamp 94.08 204.16 188.16 321.28
Lamp 148.479744 307.84 235.52025600000002 424.96
Lamp 149.76 122.24 260.480256 229.12
Lamp 209.28000000000003 179.84 335.36025600000005 320.0
Lamp 225.279744 485.76 347.52 538.24
Lamp 300.159744 318.08 401.91974400000004 424.96
Lamp 345.6 134.4 445.43999999999994 251.52
Lamp 401.91974400000004 225.28 492.800256 321.28
Lamp 407.04 373.76 506.88 524.8
Lamp 430.08000000000004 265.6 542.079744 387.84
