Lamp 39.253248 431.787008 138.24 576.852992
Lamp 117.759744 0.0 732.159744 479.572992
Lamp 146.773248 520.532992 220.160256 612.692992
Lamp 226.987008 570.027008 276.48 640.0
Lamp 276.48 610.9870080000001 291.84000000000003 641.707008
Lamp 302.079744 701.44 310.612992 723.627008
Lamp 329.386752 669.0129919999999 351.57350399999996 718.507008
Lamp 467.626752 704.852992 518.827008 774.827008
Lamp 491.52 641.707008 554.666496 679.252992
Lamp 494.9329919999999 573.44 578.559744 631.467008
Lamp 496.640256 621.227008 563.199744 650.24
Lamp 496.640256 436.907008 597.333504 573.44
Lamp 595.627008 701.44 609.2797439999999 732.16
Lamp 602.452992 675.84 617.8129919999999 725.332992
Lamp 610.9870080000001 667.307008 628.053504 713.387008
Lamp 629.76 643.412992 650.240256 703.147008
Lamp 641.707008 626.347008 665.600256 699.732992
Lamp 744.1067519999999 650.24 766.293504 737.28
