Lamp 0.0 0.6406540000000001 86.4 83.292533
Lamp 10.24 439.52894100000003 57.6 563.186774
Lamp 15.36 342.140654 49.92 413.260078
Lamp 66.56 461.95388 99.2 534.3546120000001
Lamp 69.12 523.462128 106.24 572.1566130000001
Lamp 72.96 350.469839 175.36 473.48701800000003
Lamp 85.12 452.343387 149.12 528.588043
Lamp 99.2 259.48877500000003 156.16 318.434407
Lamp 120.32 467.079795 184.96 560.6241580000001
Lamp 154.88 242.189751 242.56 322.278331
Lamp 162.56 455.546657 251.52 534.3546120000001
Lamp 202.88 0.0 990.08 682.3593460000001
Lamp 546.56 379.302001 650.24 447.858126
