Lamp 127.14700800000001 236.24673599999997 243.2 418.76248200000003
Lamp 143.36 0.0 186.027008 235.39400999999998
Lamp 205.65299199999998 463.96467 327.68 604.689132
Lamp 233.81299199999998 450.318741 319.147008 560.3396700000001
Lamp 276.48 376.971198 308.052992 406.822005
Lamp 356.692992 119.402457 406.187008 441.789939
Lamp 378.027008 492.9627510000001 597.332992 713.857335
Lamp 482.132992 25.586406 686.08 454.58314200000007
Lamp 562.347008 0.0 610.9870080000001 21.322005
Lamp 573.44 17.057604 621.227008 133.901883
Lamp 677.547008 363.325269 709.972992 452.024193
Lamp 937.812992 413.644584 1023.147008 642.216015
Lamp 948.907008 234.541284 978.772992 258.421467
