Lamp 1.92141 620.16 17.930718000000002 648.32
Lamp 49.309307999999994 602.88 94.77712799999999 652.16
Lamp 65.319282 533.12 84.53071800000001 547.2
Lamp 91.575 522.24 270.24215399999997 720.0
Lamp 158.17499999999998 478.72 263.197872 840.96
Lamp 259.355718 475.52 352.21143600000005 833.92
Lamp 316.990692 648.32 333.0 657.28
Lamp 399.59999999999997 312.32 481.56928200000004 902.4
Lamp 416.890692 604.8 452.11143599999997 730.88
Lamp 434.82141 288.0 530.87859 967.04
Lamp 478.36715399999997 602.88 499.5 648.32
Lamp 511.667154 588.8 537.922872 638.08
Lamp 581.469282 587.52 607.725 652.16
